{
 "cells": [
  {
   "cell_type": "code",
   "execution_count": 26,
   "metadata": {},
   "outputs": [
    {
     "name": "stdout",
     "output_type": "stream",
     "text": [
      "     pcost       dcost       gap    pres   dres\n",
      " 0: -2.2222e-01 -5.5556e-01  4e+00  2e+00  1e+00\n",
      " 1: -1.5511e-01 -4.7625e-01  3e-01  2e-02  1e-02\n",
      " 2: -2.3105e-01 -2.5436e-01  2e-02  2e-04  1e-04\n",
      " 3: -2.4975e-01 -2.5007e-01  3e-04  2e-06  1e-06\n",
      " 4: -2.5000e-01 -2.5000e-01  3e-06  2e-08  1e-08\n",
      " 5: -2.5000e-01 -2.5000e-01  3e-08  2e-10  1e-10\n",
      "Optimal solution found.\n",
      "-0.2499999752186499\n",
      "[ 4.96e-08]\n",
      "[ 5.00e-01]\n",
      "[ 5.00e-01]\n",
      "\n"
     ]
    }
   ],
   "source": [
    "#3a\n",
    "\n",
    "from cvxopt import matrix, solvers\n",
    "\n",
    "Q= matrix([[1.0, -1.0, 0.0],\n",
    "             [-1.0, 2.0, 0.0], \n",
    "             [0.0, 0.0, 0.0]])\n",
    "\n",
    "p= matrix([1.0, -1.0, 0.0])\n",
    "\n",
    "G= matrix([[-1.0, 0.0, 0.0], \n",
    "           [0.0, 0.0, 0.0], \n",
    "           [0.0, -1.0, 0.0]])\n",
    "\n",
    "h=matrix([0.0, 0.0, 0.0])\n",
    "\n",
    "A=matrix([1.0, 1.0, 1.0], (1, 3))\n",
    "\n",
    "b=matrix(1.0)\n",
    "\n",
    "sol = solvers.qp(Q, p, G, h, A, b)\n",
    "print(sol[\"primal objective\"])\n",
    "print(sol[\"x\"])"
   ]
  },
  {
   "cell_type": "code",
   "execution_count": 27,
   "metadata": {},
   "outputs": [
    {
     "name": "stdout",
     "output_type": "stream",
     "text": [
      "     pcost       dcost       gap    pres   dres\n",
      " 0:  1.0425e+00 -6.2500e-02  1e+01  3e+00  2e+00\n",
      " 1:  1.1152e+00  2.1995e-01  9e-01  3e-02  2e-02\n",
      " 2:  1.0288e+00  9.3043e-01  1e-01  2e-03  2e-03\n",
      "Terminated (singular KKT matrix).\n",
      "1.028796956467899\n",
      "[ 3.66e-01]\n",
      "[ 6.34e-01]\n",
      "[-2.38e-01]\n",
      "[ 1.28e+00]\n",
      "[ 1.51e+00]\n",
      "\n"
     ]
    }
   ],
   "source": [
    "#3b\n",
    "\n",
    "from cvxopt import matrix, solvers\n",
    "\n",
    "Q= matrix([[1.0, -1.0, 0.0, 0.0, 0.0],\n",
    "             [-1.0, 1.0, 2.0, 0.0, 0.0], \n",
    "             [0.0, 2.0, 2.0, 0.0, 0.0], \n",
    "             [0.0, 0.0, 0.0, 0.0, 0.0], \n",
    "             [0.0, 0.0, 0.0, 0.0, 0.0]])\n",
    "\n",
    "p= matrix([1.0, 1.0, -1.0, 0.0, 0.0])\n",
    "\n",
    "G= matrix([[-1.0, 0.0, 0.0, 0.0, 0.0], \n",
    "           [0.0, -1.0, 0.0, 0.0, 0.0], \n",
    "           [0.0, 0.0, 1.0, 0.0, 0.0],\n",
    "           [0.0, 0.0, 0.0, -1.0, 0.0], \n",
    "           [0.0, 0.0, 0.0, 0.0, -1.0]])\n",
    "\n",
    "h=matrix([0.0, 0.0, 0.0, 0.0, 0.0])\n",
    "\n",
    "A=matrix([1.0, 1.0, 1.0, -1.0, 0.0, \n",
    "          1.0, 0.0, 0.0, 0.0, 1.0], (2, 5))\n",
    "\n",
    "b=matrix([1.0, 1.0])\n",
    "\n",
    "sol = solvers.qp(Q, p, G, h, A, b)\n",
    "print(sol[\"primal objective\"])\n",
    "print(sol[\"x\"])"
   ]
  },
  {
   "cell_type": "code",
   "execution_count": 36,
   "metadata": {},
   "outputs": [
    {
     "name": "stdout",
     "output_type": "stream",
     "text": [
      "     pcost       dcost       gap    pres   dres\n",
      " 0: -1.1143e+00 -2.1258e+00  1e+00  4e-16  1e+00\n",
      " 1: -1.1145e+00 -1.1356e+00  2e-02  1e-16  2e-02\n",
      " 2: -1.1180e+00 -1.1227e+00  5e-03  6e-17  3e-03\n",
      " 3: -1.1207e+00 -1.1218e+00  1e-03  2e-16  1e-16\n",
      " 4: -1.1211e+00 -1.1212e+00  9e-05  5e-18  1e-16\n",
      " 5: -1.1211e+00 -1.1211e+00  8e-06  3e-16  1e-16\n",
      " 6: -1.1211e+00 -1.1211e+00  8e-07  1e-16  1e-16\n",
      "Optimal solution found.\n",
      "-1.12113961044864\n",
      "[ 5.40e-06]\n",
      "[ 5.28e-06]\n",
      "[ 9.98e-01]\n",
      "[ 3.94e-06]\n",
      "[ 1.90e-03]\n",
      "\n"
     ]
    }
   ],
   "source": [
    "#4 lambda = 2\n",
    "from cvxopt import matrix, solvers\n",
    "\n",
    "lamb = 2\n",
    "\n",
    "Q=  2* lamb * matrix([[0.00097190, 0.00018525, 0.000139850, -0.000262850, 0.000304750],\n",
    "            [0.00018525, 0.01764494, 0.018002270, 0.018604520, 0.004957220],\n",
    "            [0.00013985, 0.01800227, 0.019154848, 0.021462848, 0.004285335], \n",
    "            [-0.00026285, 0.01860452, 0.021462848, 0.031050348, 0.004139385], \n",
    "            [0.00030475, 0.00495722, 0.004285335, 0.004139385, 0.006111610]])\n",
    "\n",
    "p= matrix([-1.07800, -1.15240, -1.15945, -1.16545, -1.09970])\n",
    "\n",
    "G= matrix([[-1.0, 0.0, 0.0, 0.0, 0.0], \n",
    "           [0.0, -1.0, 0.0, 0.0, 0.0], \n",
    "           [0.0, 0.0, -1.0, 0.0, 0.0],\n",
    "           [0.0, 0.0, 0.0, -1.0, 0.0], \n",
    "           [0.0, 0.0, 0.0, 0.0, -1.0]])\n",
    "\n",
    "h=matrix([0.0, 0.0, 0.0, 0.0, 0.0])\n",
    "\n",
    "A=matrix([1.0, 1.0, 1.0, 1.0, 1.0], (1, 5))\n",
    "\n",
    "b=matrix(1.0)\n",
    "\n",
    "sol = solvers.qp(Q, p, G, h, A, b)\n",
    "print(sol[\"primal objective\"])\n",
    "print(sol[\"x\"])\n"
   ]
  },
  {
   "cell_type": "code",
   "execution_count": 38,
   "metadata": {},
   "outputs": [
    {
     "name": "stdout",
     "output_type": "stream",
     "text": [
      "     pcost       dcost       gap    pres   dres\n",
      " 0: -1.1244e+00 -2.1419e+00  1e+00  7e-16  1e+00\n",
      " 1: -1.1253e+00 -1.1515e+00  3e-02  1e-16  3e-02\n",
      " 2: -1.1355e+00 -1.1399e+00  4e-03  1e-16  2e-03\n",
      " 3: -1.1391e+00 -1.1398e+00  7e-04  3e-16  2e-16\n",
      " 4: -1.1393e+00 -1.1393e+00  2e-05  2e-16  2e-16\n",
      " 5: -1.1393e+00 -1.1393e+00  6e-07  1e-16  1e-16\n",
      "Optimal solution found.\n",
      "-1.1393294355920018\n",
      "[ 5.02e-07]\n",
      "[ 9.52e-07]\n",
      "[ 9.25e-01]\n",
      "[ 7.49e-02]\n",
      "[ 6.95e-07]\n",
      "\n"
     ]
    }
   ],
   "source": [
    "#4 lambda = 1\n",
    "from cvxopt import matrix, solvers\n",
    "\n",
    "lamb = 1\n",
    "\n",
    "Q=  2* lamb * matrix([[0.0010230526, 0.000195000, 0.0001472105, -0.0002766842, 0.0003207895],\n",
    "                    [0.0001950000, 0.018573621, 0.0189497579,  0.0195837053, 0.0052181263],\n",
    "                    [0.0001472105, 0.018949758, 0.0201629974,  0.0225924711, 0.0045108789],\n",
    "                    [-0.0002766842, 0.019583705, 0.0225924711,  0.0326845763, 0.0043572474],\n",
    "                    [0.0003207895, 0.005218126, 0.0045108789,  0.0043572474, 0.0064332737]])\n",
    "\n",
    "p= matrix([-1.07800, -1.15240, -1.15945, -1.16545, -1.09970])\n",
    "\n",
    "G= matrix([[-1.0, 0.0, 0.0, 0.0, 0.0], \n",
    "           [0.0, -1.0, 0.0, 0.0, 0.0], \n",
    "           [0.0, 0.0, -1.0, 0.0, 0.0],\n",
    "           [0.0, 0.0, 0.0, -1.0, 0.0], \n",
    "           [0.0, 0.0, 0.0, 0.0, -1.0]])\n",
    "\n",
    "h=matrix([0.0, 0.0, 0.0, 0.0, 0.0])\n",
    "\n",
    "A=matrix([1.0, 1.0, 1.0, 1.0, 1.0], (1, 5))\n",
    "\n",
    "b=matrix(1.0)\n",
    "\n",
    "sol = solvers.qp(Q, p, G, h, A, b)\n",
    "print(sol[\"primal objective\"])\n",
    "print(sol[\"x\"])\n"
   ]
  },
  {
   "cell_type": "code",
   "execution_count": 34,
   "metadata": {},
   "outputs": [
    {
     "name": "stdout",
     "output_type": "stream",
     "text": [
      "     pcost       dcost       gap    pres   dres\n",
      " 0: -1.1309e+00 -2.1541e+00  1e+00  4e-16  1e+00\n",
      " 1: -1.1323e+00 -1.1638e+00  3e-02  1e-16  3e-02\n",
      " 2: -1.1490e+00 -1.1521e+00  3e-03  8e-17  4e-16\n",
      " 3: -1.1506e+00 -1.1509e+00  3e-04  2e-16  2e-16\n",
      " 4: -1.1508e+00 -1.1508e+00  3e-06  2e-18  1e-16\n",
      " 5: -1.1508e+00 -1.1508e+00  3e-08  1e-16  2e-16\n",
      "Optimal solution found.\n",
      "-1.1508088035481596\n",
      "[ 7.81e-08]\n",
      "[ 2.32e-06]\n",
      "[ 4.93e-01]\n",
      "[ 5.07e-01]\n",
      "[ 1.39e-07]\n",
      "\n"
     ]
    }
   ],
   "source": [
    "#4 lambda = 0.5\n",
    "from cvxopt import matrix, solvers\n",
    "\n",
    "lamb = 0.5\n",
    "\n",
    "Q=  2* lamb * matrix([[0.00097190, 0.00018525, 0.000139850, -0.000262850, 0.000304750],\n",
    "            [0.00018525, 0.01764494, 0.018002270, 0.018604520, 0.004957220],\n",
    "            [0.00013985, 0.01800227, 0.019154848, 0.021462848, 0.004285335], \n",
    "            [-0.00026285, 0.01860452, 0.021462848, 0.031050348, 0.004139385], \n",
    "            [0.00030475, 0.00495722, 0.004285335, 0.004139385, 0.006111610]])\n",
    "\n",
    "p= matrix([-1.07800, -1.15240, -1.15945, -1.16545, -1.09970])\n",
    "\n",
    "G= matrix([[-1.0, 0.0, 0.0, 0.0, 0.0], \n",
    "           [0.0, -1.0, 0.0, 0.0, 0.0], \n",
    "           [0.0, 0.0, -1.0, 0.0, 0.0],\n",
    "           [0.0, 0.0, 0.0, -1.0, 0.0], \n",
    "           [0.0, 0.0, 0.0, 0.0, -1.0]])\n",
    "\n",
    "h=matrix([0.0, 0.0, 0.0, 0.0, 0.0])\n",
    "\n",
    "A=matrix([1.0, 1.0, 1.0, 1.0, 1.0], (1, 5))\n",
    "\n",
    "b=matrix(1.0)\n",
    "\n",
    "sol = solvers.qp(Q, p, G, h, A, b)\n",
    "print(sol[\"primal objective\"])\n",
    "print(sol[\"x\"])\n"
   ]
  },
  {
   "cell_type": "code",
   "execution_count": 32,
   "metadata": {},
   "outputs": [
    {
     "name": "stdout",
     "output_type": "stream",
     "text": [
      "     pcost       dcost       gap    pres   dres\n",
      " 0: -1.1340e+00 -2.1597e+00  1e+00  1e-15  1e+00\n",
      " 1: -1.1357e+00 -1.1696e+00  3e-02  6e-17  4e-02\n",
      " 2: -1.1557e+00 -1.1593e+00  4e-03  2e-16  9e-17\n",
      " 3: -1.1574e+00 -1.1577e+00  3e-04  1e-16  1e-16\n",
      " 4: -1.1577e+00 -1.1577e+00  2e-05  3e-16  5e-17\n",
      " 5: -1.1577e+00 -1.1577e+00  2e-07  2e-16  1e-16\n",
      "Optimal solution found.\n",
      "-1.1576872516602639\n",
      "[ 6.83e-08]\n",
      "[ 2.37e-06]\n",
      "[ 1.12e-04]\n",
      "[ 1.00e+00]\n",
      "[ 9.57e-08]\n",
      "\n"
     ]
    }
   ],
   "source": [
    "#4 lambda =0.25\n",
    "from cvxopt import matrix, solvers\n",
    "\n",
    "lamb = 0.25\n",
    "\n",
    "Q=  2* lamb * matrix([[0.00097190, 0.00018525, 0.000139850, -0.000262850, 0.000304750],\n",
    "            [0.00018525, 0.01764494, 0.018002270, 0.018604520, 0.004957220],\n",
    "            [0.00013985, 0.01800227, 0.019154848, 0.021462848, 0.004285335], \n",
    "            [-0.00026285, 0.01860452, 0.021462848, 0.031050348, 0.004139385], \n",
    "            [0.00030475, 0.00495722, 0.004285335, 0.004139385, 0.006111610]])\n",
    "\n",
    "p= matrix([-1.07800, -1.15240, -1.15945, -1.16545, -1.09970])\n",
    "\n",
    "G= matrix([[-1.0, 0.0, 0.0, 0.0, 0.0], \n",
    "           [0.0, -1.0, 0.0, 0.0, 0.0], \n",
    "           [0.0, 0.0, -1.0, 0.0, 0.0],\n",
    "           [0.0, 0.0, 0.0, -1.0, 0.0], \n",
    "           [0.0, 0.0, 0.0, 0.0, -1.0]])\n",
    "\n",
    "h=matrix([0.0, 0.0, 0.0, 0.0, 0.0])\n",
    "\n",
    "A=matrix([1.0, 1.0, 1.0, 1.0, 1.0], (1, 5))\n",
    "\n",
    "b=matrix(1.0)\n",
    "\n",
    "sol = solvers.qp(Q, p, G, h, A, b)\n",
    "print(sol[\"primal objective\"])\n",
    "print(sol[\"x\"])\n"
   ]
  }
 ],
 "metadata": {
  "kernelspec": {
   "display_name": "Python 3",
   "language": "python",
   "name": "python3"
  },
  "language_info": {
   "codemirror_mode": {
    "name": "ipython",
    "version": 3
   },
   "file_extension": ".py",
   "mimetype": "text/x-python",
   "name": "python",
   "nbconvert_exporter": "python",
   "pygments_lexer": "ipython3",
   "version": "3.13.0"
  },
  "orig_nbformat": 4
 },
 "nbformat": 4,
 "nbformat_minor": 2
}
